100 100
8370923 8614858 13580303 14079694 20545903 21468264 22450905 29100600 45583475 54729967 58331990 62200281 77180872 86695435 87442789 87517201 101507132 108768852 119448936 122546725 126313438 145027425 149717482 154412949 190715066 196412186 201345136 205554745 207815257 210224071 220723884 224446896 286040805 287632273 288040571 295258047 308236946 310914940 318958912 344681738 351237974 368498285 374612515 378651393 387091483 392731087 426619991 433067997 433549295 437530068 444268468 454616515 455690006 455954397 483147985 490040308 495649264 504120002 515919871 522866290 531481148 542059305 552076975 569311836 589857739 612121425 624373422 634681314 649823213 654563453 662152915 665914077 689833706 703517399 716882882 741786241 787097142 794063755 813466561 816952840 829830837 844158168 850975640 856883375 860313921 865680797 876162887 884533810 886964646 896851090 897631151 922860800 936814624 943484144 953350440 953369895 959051371 971609877 971874268 989089924 
G 22450905 515919871
G 45583475 210224071
G 455954397 971874268
G 943484144 433067997
G 145027425 531481148
G 101507132 716882882
G 205554745 149717482
G 14079694 856883375
G 829830837 844158168
G 154412949 665914077
G 953350440 689833706
G 437530068 455690006
G 351237974 433067997
G 201345136 318958912
G 220723884 288040571
G 378651393 886964646
G 387091483 454616515
G 662152915 971874268
G 8614858 87517201
G 392731087 149717482
G 205554745 86695435
G 433549295 483147985
G 295258047 14079694
G 896851090 87517201
G 865680797 86695435
G 318958912 224446896
G 310914940 886964646
G 860313921 813466561
G 884533810 552076975
G 649823213 662152915
G 433549295 62200281
G 58331990 936814624
G 87517201 286040805
S 897631151 649823213
S 433067997 886964646
S 378651393 205554745
S 8614858 378651393
S 287632273 896851090
S 433067997 154412949
S 495649264 860313921
S 886964646 433067997
S 87517201 196412186
S 295258047 454616515
S 14079694 716882882
S 86695435 665914077
S 387091483 86695435
S 295258047 29100600
S 22450905 444268468
S 344681738 433549295
S 662152915 344681738
S 886964646 86695435
S 624373422 374612515
S 504120002 989089924
S 224446896 495649264
S 149717482 344681738
S 351237974 58331990
S 876162887 490040308
S 308236946 703517399
S 522866290 922860800
S 8370923 190715066
S 569311836 387091483
S 318958912 444268468
S 454616515 387091483
S 455690006 378651393
S 387091483 149717482
S 850975640 287632273
K 89
K 49
K 76
K 46
K 48
K 59
K 2
K 23
K 50
K 42
K 33
K 89
K 49
K 21
K 62
K 8
K 13
K 62
K 33
K 28
K 59
K 71
K 78
K 62
K 67
K 30
K 5
K 11
K 4
K 39
K 96
K 92
Z
B
